=======================================================
            RESULTS FOR TEST CASE _1
=======================================================
=======================================================
> Timeout: 1min

| ?-solve.

> Period 1
  > Production Per Factory
    [[0,0,7],[12,6,4],[0,0,20],[10,20,0],[9,18,0]]
  > Production Cost Per Factory
    [[0,0,266],[348,246,180],[0,0,800],[280,840,0],[261,774,0]]
  > Initial Storage
    [10,10,10]
  > Production Per Product
    [[0,12,0,10,9],[0,6,0,20,18],[7,4,20,0,0]]
    [3720,5280,3720]
  > Sales Per Product
    [1200,4800,3600]
  > Storage at the end of the period
    [2530,490,130]
  > Workhours Per Factory
    [14,50,40,80,72]

> Period 2
  > Production Per Factory
    [[3,0,17],[12,6,4],[0,0,10],[10,20,0],[15,30,0]]
  > Production Cost Per Factory
    [[93,0,646],[348,246,180],[0,0,400],[280,840,0],[435,1290,0]]
  > Initial Storage
    [2530,490,130]
  > Production Per Product
    [[3,12,0,10,15],[0,6,0,20,30],[17,4,10,0,0]]
    [4800,6720,3720]
  > Sales Per Product
    [2400,2400,1200]
  > Storage at the end of the period
    [4930,4810,2650]
  > Workhours Per Factory
    [40,50,20,80,120]

> Period 3
  > Production Per Factory
    [[0,0,20],[0,0,0],[0,1,19],[0,0,0],[0,0,0]]
  > Production Cost Per Factory
    [[0,0,760],[0,0,0],[0,46,760],[0,0,0],[0,0,0]]
  > Initial Storage
    [4930,4810,2650]
  > Production Per Product
    [[0,0,0,0,0],[0,0,1,0,0],[20,0,19,0,0]]
    [0,120,4680]
  > Sales Per Product
    [4800,4800,7200]
  > Storage at the end of the period
    [130,130,130]
  > Workhours Per Factory
    [40,0,41,0,0]

Total Cost: 10319

=======================================================
=======================================================
> Timeout: 2min

| ?-solve.

> Period 1
  > Production Per Factory
    [[0,0,8],[12,6,4],[0,0,19],[10,20,0],[9,18,0]]
  > Production Cost Per Factory
    [[0,0,304],[348,246,180],[0,0,760],[280,840,0],[261,774,0]]
  > Initial Storage
    [10,10,10]
  > Production Per Product
    [[0,12,0,10,9],[0,6,0,20,18],[8,4,19,0,0]]
    [3720,5280,3720]
  > Sales Per Product
    [1200,4800,3600]
  > Storage at the end of the period
    [2530,490,130]
  > Workhours Per Factory
    [16,50,38,80,72]

> Period 2
  > Production Per Factory
    [[3,0,17],[12,6,4],[0,0,10],[10,20,0],[15,30,0]]
  > Production Cost Per Factory
    [[93,0,646],[348,246,180],[0,0,400],[280,840,0],[435,1290,0]]
  > Initial Storage
    [2530,490,130]
  > Production Per Product
    [[3,12,0,10,15],[0,6,0,20,30],[17,4,10,0,0]]
    [4800,6720,3720]
  > Sales Per Product
    [2400,2400,1200]
  > Storage at the end of the period
    [4930,4810,2650]
  > Workhours Per Factory
    [40,50,20,80,120]

> Period 3
  > Production Per Factory
    [[0,0,20],[0,0,0],[0,1,19],[0,0,0],[0,0,0]]
  > Production Cost Per Factory
    [[0,0,760],[0,0,0],[0,46,760],[0,0,0],[0,0,0]]
  > Initial Storage
    [4930,4810,2650]
  > Production Per Product
    [[0,0,0,0,0],[0,0,1,0,0],[20,0,19,0,0]]
    [0,120,4680]
  > Sales Per Product
    [4800,4800,7200]
  > Storage at the end of the period
    [130,130,130]
  > Workhours Per Factory
    [40,0,41,0,0]

Total Cost: 10317

=======================================================
=======================================================
> Timeout: 10min

| ?- solve.

> Period 1
  > Production Per Factory
    [[0,0,9],[12,6,4],[0,0,18],[10,20,0],[9,18,0]]
  > Production Cost Per Factory
    [[0,0,342],[348,246,180],[0,0,720],[280,840,0],[261,774,0]]
  > Initial Storage
    [10,10,10]
  > Production Per Product
    [[0,12,0,10,9],[0,6,0,20,18],[9,4,18,0,0]]
    [3720,5280,3720]
  > Sales Per Product
    [1200,4800,3600]
  > Storage at the end of the period
    [2530,490,130]
  > Workhours Per Factory
    [18,50,36,80,72]

> Period 2
  > Production Per Factory
    [[3,0,17],[12,6,4],[0,0,10],[10,20,0],[15,30,0]]
  > Production Cost Per Factory
    [[93,0,646],[348,246,180],[0,0,400],[280,840,0],[435,1290,0]]
  > Initial Storage
    [2530,490,130]
  > Production Per Product
    [[3,12,0,10,15],[0,6,0,20,30],[17,4,10,0,0]]
    [4800,6720,3720]
  > Sales Per Product
    [2400,2400,1200]
  > Storage at the end of the period
    [4930,4810,2650]
  > Workhours Per Factory
    [40,50,20,80,120]

> Period 3
  > Production Per Factory
    [[0,0,20],[0,0,0],[0,1,19],[0,0,0],[0,0,0]]
  > Production Cost Per Factory
    [[0,0,760],[0,0,0],[0,46,760],[0,0,0],[0,0,0]]
  > Initial Storage
    [4930,4810,2650]
  > Production Per Product
    [[0,0,0,0,0],[0,0,1,0,0],[20,0,19,0,0]]
    [0,120,4680]
  > Sales Per Product
    [4800,4800,7200]
  > Storage at the end of the period
    [130,130,130]
  > Workhours Per Factory
    [40,0,41,0,0]

Total Cost: 10315

=======================================================
=======================================================
> Timeout: 30min

| ?- solve.

> Period 1
  > Production Per Factory
    [[0,0,11],[12,6,4],[0,0,16],[10,20,0],[9,18,0]]
  > Production Cost Per Factory
    [[0,0,418],[348,246,180],[0,0,640],[280,840,0],[261,774,0]]
  > Initial Storage
    [10,10,10]
  > Production Per Product
    [[0,12,0,10,9],[0,6,0,20,18],[11,4,16,0,0]]
    [3720,5280,3720]
  > Sales Per Product
    [1200,4800,3600]
  > Storage at the end of the period
    [2530,490,130]
  > Workhours Per Factory
    [22,50,32,80,72]

> Period 2
  > Production Per Factory
    [[3,0,17],[12,6,4],[0,0,10],[10,20,0],[15,30,0]]
  > Production Cost Per Factory
    [[93,0,646],[348,246,180],[0,0,400],[280,840,0],[435,1290,0]]
  > Initial Storage
    [2530,490,130]
  > Production Per Product
    [[3,12,0,10,15],[0,6,0,20,30],[17,4,10,0,0]]
    [4800,6720,3720]
  > Sales Per Product
    [2400,2400,1200]
  > Storage at the end of the period
    [4930,4810,2650]
  > Workhours Per Factory
    [40,50,20,80,120]

> Period 3
  > Production Per Factory
    [[0,0,20],[0,0,0],[0,1,19],[0,0,0],[0,0,0]]
  > Production Cost Per Factory
    [[0,0,760],[0,0,0],[0,46,760],[0,0,0],[0,0,0]]
  > Initial Storage
    [4930,4810,2650]
  > Production Per Product
    [[0,0,0,0,0],[0,0,1,0,0],[20,0,19,0,0]]
    [0,120,4680]
  > Sales Per Product
    [4800,4800,7200]
  > Storage at the end of the period
    [130,130,130]
  > Workhours Per Factory
    [40,0,41,0,0]

Total Cost: 10311

=======================================================
=======================================================
> Timeout: 60min

| ?-solve.

> Period 1
  > Production Per Factory
    [[0,0,12],[12,6,4],[0,0,15],[10,20,0],[9,18,0]]
  > Production Cost Per Factory
    [[0,0,456],[348,246,180],[0,0,600],[280,840,0],[261,774,0]]
  > Initial Storage
    [10,10,10]
  > Production Per Product
    [[0,12,0,10,9],[0,6,0,20,18],[12,4,15,0,0]]
    [3720,5280,3720]
  > Sales Per Product
    [1200,4800,3600]
  > Storage at the end of the period
    [2530,490,130]
  > Workhours Per Factory
    [24,50,30,80,72]

> Period 2
  > Production Per Factory
    [[3,0,17],[12,6,4],[0,0,10],[10,20,0],[15,30,0]]
  > Production Cost Per Factory
    [[93,0,646],[348,246,180],[0,0,400],[280,840,0],[435,1290,0]]
  > Initial Storage
    [2530,490,130]
  > Production Per Product
    [[3,12,0,10,15],[0,6,0,20,30],[17,4,10,0,0]]
    [4800,6720,3720]
  > Sales Per Product
    [2400,2400,1200]
  > Storage at the end of the period
    [4930,4810,2650]
  > Workhours Per Factory
    [40,50,20,80,120]

> Period 3
  > Production Per Factory
    [[0,0,20],[0,0,0],[0,1,19],[0,0,0],[0,0,0]]
  > Production Cost Per Factory
    [[0,0,760],[0,0,0],[0,46,760],[0,0,0],[0,0,0]]
  > Initial Storage
    [4930,4810,2650]
  > Production Per Product
    [[0,0,0,0,0],[0,0,1,0,0],[20,0,19,0,0]]
    [0,120,4680]
  > Sales Per Product
    [4800,4800,7200]
  > Storage at the end of the period
    [130,130,130]
  > Workhours Per Factory
    [40,0,41,0,0]

Total Cost: 10309

=======================================================
=======================================================
               TABLE OF COMPARISONS
=======================================================

  Timeout |   Cost  
 -------------------
     1    |  10319
 -------------------
     2    |  10317  
 -------------------
    10    |  10315  
 -------------------
    30    |  10311  
 -------------------
    60    |  10309  